0.000000000000000000e+00
3.699999999999999956e-01
3.499999999999999778e-01
3.499999999999999778e-01
3.200000000000000067e-01
3.099999999999999978e-01
2.800000000000000266e-01
2.700000000000000178e-01
2.600000000000000089e-01
2.300000000000000100e-01
2.300000000000000100e-01
2.099999999999999922e-01
1.900000000000000022e-01
1.600000000000000033e-01
1.499999999999999944e-01
1.400000000000000133e-01
1.199999999999999956e-01
8.999999999999999667e-02
8.000000000000000167e-02
5.999999999999999778e-02
2.999999999999999889e-02
2.000000000000000042e-02
2.000000000000000042e-02
1.000000000000000021e-02
0.000000000000000000e+00
0.000000000000000000e+00
0.000000000000000000e+00
0.000000000000000000e+00
0.000000000000000000e+00
0.000000000000000000e+00
0.000000000000000000e+00
0.000000000000000000e+00
0.000000000000000000e+00
0.000000000000000000e+00
0.000000000000000000e+00
0.000000000000000000e+00
0.000000000000000000e+00
