0.000000000000000000e+00
2.658000000000000362e-01
2.409999999999999920e-01
2.280000000000000082e-01
2.089999999999999913e-01
1.789999999999999925e-01
1.620000000000000051e-01
1.310000000000000053e-01
1.069999999999999979e-01
8.599999999999999312e-02
6.400000000000000133e-02
4.000000000000000083e-02
2.599999999999999881e-02
1.499999999999999944e-02
1.000000000000000021e-02
7.000000000000000146e-03
3.000000000000000062e-03
0.000000000000000000e+00
0.000000000000000000e+00
0.000000000000000000e+00
0.000000000000000000e+00
0.000000000000000000e+00
0.000000000000000000e+00
0.000000000000000000e+00
0.000000000000000000e+00
0.000000000000000000e+00
0.000000000000000000e+00
0.000000000000000000e+00
0.000000000000000000e+00
0.000000000000000000e+00
0.000000000000000000e+00
0.000000000000000000e+00
0.000000000000000000e+00
0.000000000000000000e+00
0.000000000000000000e+00
0.000000000000000000e+00
0.000000000000000000e+00
