0.000000000000000000e+00
2.929499999999999882e-01
2.704900000000000082e-01
2.464300000000000102e-01
2.214800000000000102e-01
1.955199999999999994e-01
1.675099999999999922e-01
1.398000000000000076e-01
1.131999999999999951e-01
8.748999999999999833e-02
6.353000000000000314e-02
4.393999999999999989e-02
2.748000000000000095e-02
1.594999999999999890e-02
8.290000000000000493e-03
3.720000000000000216e-03
1.360000000000000098e-03
3.600000000000000227e-04
5.000000000000000240e-05
0.000000000000000000e+00
0.000000000000000000e+00
0.000000000000000000e+00
0.000000000000000000e+00
0.000000000000000000e+00
0.000000000000000000e+00
0.000000000000000000e+00
0.000000000000000000e+00
0.000000000000000000e+00
0.000000000000000000e+00
0.000000000000000000e+00
0.000000000000000000e+00
0.000000000000000000e+00
0.000000000000000000e+00
0.000000000000000000e+00
0.000000000000000000e+00
0.000000000000000000e+00
0.000000000000000000e+00
