0.000000000000000000e+00
1.173000000000000015e-01
8.989999999999999380e-02
6.740000000000000158e-02
4.619999999999999801e-02
2.790000000000000119e-02
1.669999999999999957e-02
9.299999999999999239e-03
4.000000000000000083e-03
1.500000000000000031e-03
4.000000000000000192e-04
2.000000000000000096e-04
0.000000000000000000e+00
0.000000000000000000e+00
0.000000000000000000e+00
0.000000000000000000e+00
0.000000000000000000e+00
0.000000000000000000e+00
0.000000000000000000e+00
0.000000000000000000e+00
0.000000000000000000e+00
0.000000000000000000e+00
0.000000000000000000e+00
0.000000000000000000e+00
0.000000000000000000e+00
0.000000000000000000e+00
0.000000000000000000e+00
0.000000000000000000e+00
0.000000000000000000e+00
0.000000000000000000e+00
0.000000000000000000e+00
0.000000000000000000e+00
0.000000000000000000e+00
0.000000000000000000e+00
0.000000000000000000e+00
0.000000000000000000e+00
0.000000000000000000e+00
