0.000000000000000000e+00
4.189300000000000246e-01
4.095099999999999851e-01
3.991199999999999748e-01
3.868500000000000272e-01
3.734999999999999987e-01
3.591699999999999893e-01
3.429200000000000026e-01
3.250600000000000156e-01
3.063400000000000012e-01
2.846699999999999786e-01
2.613400000000000167e-01
2.366099999999999870e-01
2.107999999999999874e-01
1.836399999999999977e-01
1.554999999999999993e-01
1.278400000000000092e-01
1.018000000000000016e-01
7.689000000000000001e-02
5.457000000000000045e-02
3.613999999999999851e-02
2.171000000000000013e-02
1.212000000000000056e-02
5.689999999999999745e-03
2.500000000000000052e-03
9.100000000000000016e-04
2.000000000000000096e-04
4.000000000000000327e-05
0.000000000000000000e+00
0.000000000000000000e+00
0.000000000000000000e+00
0.000000000000000000e+00
0.000000000000000000e+00
0.000000000000000000e+00
0.000000000000000000e+00
0.000000000000000000e+00
0.000000000000000000e+00
