0.000000000000000000e+00
4.189300000000000246e-01
4.097999999999999976e-01
3.981000000000000094e-01
3.861999999999999877e-01
3.726999999999999758e-01
3.564999999999999836e-01
3.397000000000000020e-01
3.224000000000000199e-01
3.030999999999999805e-01
2.811000000000000165e-01
2.584000000000000186e-01
2.346999999999999920e-01
2.089000000000000024e-01
1.826000000000000123e-01
1.557000000000000051e-01
1.257999999999999952e-01
1.010999999999999954e-01
7.900000000000000078e-02
5.670000000000000040e-02
3.679999999999999938e-02
2.280000000000000082e-02
1.099999999999999936e-02
6.499999999999999702e-03
2.500000000000000052e-03
1.399999999999999986e-03
1.000000000000000048e-04
1.000000000000000048e-04
0.000000000000000000e+00
0.000000000000000000e+00
0.000000000000000000e+00
0.000000000000000000e+00
0.000000000000000000e+00
0.000000000000000000e+00
0.000000000000000000e+00
0.000000000000000000e+00
0.000000000000000000e+00
