0.000000000000000000e+00
1.471099999999999908e-01
1.200299999999999978e-01
9.377000000000000612e-02
7.005999999999999728e-02
4.898000000000000270e-02
3.101999999999999896e-02
1.846000000000000071e-02
9.870000000000000301e-03
4.340000000000000108e-03
1.770000000000000089e-03
5.199999999999999544e-04
1.499999999999999869e-04
0.000000000000000000e+00
0.000000000000000000e+00
0.000000000000000000e+00
0.000000000000000000e+00
0.000000000000000000e+00
0.000000000000000000e+00
0.000000000000000000e+00
0.000000000000000000e+00
0.000000000000000000e+00
0.000000000000000000e+00
0.000000000000000000e+00
0.000000000000000000e+00
0.000000000000000000e+00
0.000000000000000000e+00
0.000000000000000000e+00
0.000000000000000000e+00
0.000000000000000000e+00
0.000000000000000000e+00
0.000000000000000000e+00
0.000000000000000000e+00
0.000000000000000000e+00
0.000000000000000000e+00
0.000000000000000000e+00
0.000000000000000000e+00
