0.000000000000000000e+00
2.910200000000000009e-01
2.656000000000000028e-01
2.439000000000000057e-01
2.192999999999999949e-01
1.965999999999999970e-01
1.678000000000000047e-01
1.390000000000000124e-01
1.129000000000000004e-01
9.009999999999999953e-02
6.729999999999999871e-02
4.870000000000000023e-02
2.869999999999999982e-02
1.650000000000000078e-02
8.600000000000000006e-03
3.399999999999999811e-03
1.000000000000000021e-03
5.999999999999999474e-04
2.000000000000000096e-04
1.000000000000000048e-04
0.000000000000000000e+00
0.000000000000000000e+00
0.000000000000000000e+00
0.000000000000000000e+00
0.000000000000000000e+00
0.000000000000000000e+00
0.000000000000000000e+00
0.000000000000000000e+00
0.000000000000000000e+00
0.000000000000000000e+00
0.000000000000000000e+00
0.000000000000000000e+00
0.000000000000000000e+00
0.000000000000000000e+00
0.000000000000000000e+00
0.000000000000000000e+00
0.000000000000000000e+00
