0.000000000000000000e+00
1.511000000000000121e-01
1.233000000000000068e-01
9.969999999999999696e-02
7.620000000000000384e-02
5.369999999999999774e-02
3.320000000000000034e-02
1.969999999999999876e-02
9.400000000000000369e-03
4.599999999999999922e-03
2.099999999999999870e-03
6.999999999999999929e-04
2.999999999999999737e-04
0.000000000000000000e+00
0.000000000000000000e+00
0.000000000000000000e+00
0.000000000000000000e+00
0.000000000000000000e+00
0.000000000000000000e+00
0.000000000000000000e+00
0.000000000000000000e+00
0.000000000000000000e+00
0.000000000000000000e+00
0.000000000000000000e+00
0.000000000000000000e+00
0.000000000000000000e+00
0.000000000000000000e+00
0.000000000000000000e+00
0.000000000000000000e+00
0.000000000000000000e+00
0.000000000000000000e+00
0.000000000000000000e+00
0.000000000000000000e+00
0.000000000000000000e+00
0.000000000000000000e+00
0.000000000000000000e+00
0.000000000000000000e+00
