0.000000000000000000e+00
4.126000000000000223e-01
4.069999999999999729e-01
4.000000000000000222e-01
3.880000000000000115e-01
3.719999999999999973e-01
3.609999999999999876e-01
3.430000000000000271e-01
3.270000000000000129e-01
3.140000000000000013e-01
2.919999999999999818e-01
2.770000000000000240e-01
2.600000000000000089e-01
2.340000000000000135e-01
2.010000000000000120e-01
1.640000000000000069e-01
1.330000000000000071e-01
1.059999999999999970e-01
8.000000000000000167e-02
5.800000000000000294e-02
3.699999999999999817e-02
2.599999999999999881e-02
1.600000000000000033e-02
6.000000000000000125e-03
1.000000000000000021e-03
0.000000000000000000e+00
0.000000000000000000e+00
0.000000000000000000e+00
0.000000000000000000e+00
0.000000000000000000e+00
0.000000000000000000e+00
0.000000000000000000e+00
0.000000000000000000e+00
0.000000000000000000e+00
0.000000000000000000e+00
0.000000000000000000e+00
0.000000000000000000e+00
