0.000000000000000000e+00
1.116100000000000009e-01
8.649999999999999356e-02
6.328999999999999904e-02
4.345999999999999863e-02
2.748000000000000095e-02
1.591000000000000053e-02
7.900000000000000772e-03
3.429999999999999889e-03
1.340000000000000045e-03
4.899999999999999842e-04
1.000000000000000048e-04
1.000000000000000082e-05
0.000000000000000000e+00
0.000000000000000000e+00
0.000000000000000000e+00
0.000000000000000000e+00
0.000000000000000000e+00
0.000000000000000000e+00
0.000000000000000000e+00
0.000000000000000000e+00
0.000000000000000000e+00
0.000000000000000000e+00
0.000000000000000000e+00
0.000000000000000000e+00
0.000000000000000000e+00
0.000000000000000000e+00
0.000000000000000000e+00
0.000000000000000000e+00
0.000000000000000000e+00
0.000000000000000000e+00
0.000000000000000000e+00
0.000000000000000000e+00
0.000000000000000000e+00
0.000000000000000000e+00
0.000000000000000000e+00
0.000000000000000000e+00
